01000000000000000000000103
00000000000000000000000001
00000000000000000000000100
00000000000000000000000000
00000000000000000100000000
00000000100000000000001000
10000000000000000000000000
00100000000000000000000000
00000000000000000000000000
00000000000000000000000000
00000000000000000000000000
00000000000000000000000000
00000000000000000000000000
00000000000000000000000001
00000000000000000000010010
00000000000000000000000000
00000000000000000000000000
00000000000000000000000000
00000000000000000000000000
00000000000000000000000000
00000000000000000000000000
00000000000000000000000000
00000000000000000000000000
00000000000000000010000000
00000001000000000000000000
00000000000000000000000000
